size,planner,makespan,reactive,expected,mpn_snt,rect_snt,time
4,L2FF,20770860.19809454,20770860.19809454,14792195.190600393,5978665.007494146,5978665.007494146,0.002696990966796875
4,L2FF,20641386.002235863,20641386.002235863,14792195.190600393,5849190.81163547,5849190.81163547,0.002554893493652344
4,L2FF,20522104.306338824,20522104.306338824,14792195.190600393,5729909.115738431,5729909.115738431,0.002462863922119141
4,L2FF,20671295.744023234,20671295.744023234,14792195.190600393,5879100.55342284,5879100.55342284,0.002479791641235352
4,L2FF,20630901.477360226,20630901.477360226,14792195.190600393,5838706.286759833,5838706.286759833,0.002526044845581055
4,L2FF,20694623.01073561,20694623.01073561,14792195.190600393,5902427.820135215,5902427.820135215,0.0024657249450683594
4,L2FF,20346736.00173633,20346736.00173633,14792195.190600393,5554540.811135938,5554540.811135938,0.0024871826171875
4,L2FF,20618914.400840294,20618914.400840294,14792195.190600393,5826719.210239904,5826719.210239904,0.002568960189819336
4,L2FF,20937484.108585693,20937484.108585693,14792195.190600393,6145288.9179853,6145288.9179853,0.0024361610412597656
4,L2FF,20799386.54315623,20799386.54315623,14792195.190600393,6007191.352555837,6007191.352555837,0.002572059631347656
4,L2FF,20269944.120502546,20269944.120502546,14792195.190600393,5477748.929902148,5477748.929902148,0.0024449825286865234
4,L2FF,20747947.791458312,20747947.791458312,14792195.190600393,5955752.600857919,5955752.600857919,0.002465963363647461
4,L2FF,20884746.36944796,20884746.36944796,14792195.190600393,6092551.178847563,6092551.178847563,0.002496957778930664
4,L2FF,21069536.55347778,21069536.55347778,14792195.190600393,6277341.362877387,6277341.362877387,0.002470254898071289
4,L2FF,20964938.332086984,20964938.332086984,14792195.190600393,6172743.141486592,6172743.141486592,0.0024619102478027344
4,L2FF,20557964.68719529,20557964.68719529,14792195.190600393,5765769.4965948975,5765769.4965948975,0.002453088760375977
4,L2FF,20802125.98106808,20802125.98106808,14792195.190600393,6009930.790467689,6009930.790467689,0.002454996109008789
4,L2FF,20961073.308455665,20961073.308455665,14792195.190600393,6168878.117855271,6168878.117855271,0.002469778060913086
4,L2FF,20915111.062749155,20915111.062749155,14792195.190600393,6122915.8721487615,6122915.8721487615,0.002594947814941407
4,L2FF,20586103.66854245,20586103.66854245,14792195.190600393,5793908.477942055,5793908.477942055,0.021636962890625
4,L2FF,20336624.12275092,20336624.12275092,14792195.190600393,5544428.932150522,5544428.932150522,0.0028259754180908203
4,L2FF,20905019.59488816,20905019.59488816,14792195.190600393,6112824.404287765,6112824.404287765,0.0029997825622558594
4,L2FF,20671551.640108667,20671551.640108667,14792195.190600393,5879356.449508274,5879356.449508274,0.0030670166015625
4,L2FF,20219366.30774401,20219366.30774401,14792195.190600393,5427171.117143618,5427171.117143618,0.002610921859741211
4,L2FF,20634486.51169552,20634486.51169552,14792195.190600393,5842291.321095127,5842291.321095127,0.002462863922119141
4,L2FF,20835489.650220584,20835489.650220584,14792195.190600393,6043294.459620192,6043294.459620192,0.0024559497833251953
4,L2FF,20504768.86400597,20504768.86400597,14792195.190600393,5712573.673405577,5712573.673405577,0.002835988998413086
4,L2FF,20556847.526519194,20556847.526519194,14792195.190600393,5764652.335918801,5764652.335918801,0.002488851547241211
4,L2FF,20716095.682102744,20716095.682102744,14792195.190600393,5923900.49150235,5923900.49150235,0.002440214157104492
4,L2FF,20841859.30580752,20841859.30580752,14792195.190600393,6049664.115207123,6049664.115207123,0.002650976181030273
4,L2FF,20440258.666500494,20440258.666500494,14792195.190600393,5648063.475900103,5648063.475900103,0.002661228179931641
4,L2FF,20657900.122767955,20657900.122767955,14792195.190600393,5865704.932167563,5865704.932167563,0.002463102340698242
4,L2FF,20505180.35798435,20505180.35798435,14792195.190600393,5712985.167383956,5712985.167383956,0.002482891082763672
4,L2FF,20610477.8423589,20610477.8423589,14792195.190600393,5818282.651758505,5818282.651758505,0.002465963363647461
4,L2FF,20534158.513071407,20534158.513071407,14792195.190600393,5741963.322471012,5741963.322471012,0.002676010131835937
4,L2FF,20903173.00876208,20903173.00876208,14792195.190600393,6110977.818161688,6110977.818161688,0.002449989318847656
4,L2FF,20770932.04108914,20770932.04108914,14792195.190600393,5978736.8504887475,5978736.8504887475,0.002471923828125
4,L2FF,21061718.03117057,21061718.03117057,14792195.190600393,6269522.840570172,6269522.840570172,0.002599954605102539
4,L2FF,20920979.686029047,20920979.686029047,14792195.190600393,6128784.49542865,6128784.49542865,0.002794027328491211
4,L2FF,20683893.84955841,20683893.84955841,14792195.190600393,5891698.658958016,5891698.658958016,0.0024521350860595703
4,L2FF,20961957.83771198,20961957.83771198,14792195.190600393,6169762.647111585,6169762.647111585,0.002474784851074219
4,L2FF,20764542.796978496,20764542.796978496,14792195.190600393,5972347.606378103,5972347.606378103,0.0024871826171875
4,L2FF,20839242.746031307,20839242.746031307,14792195.190600393,6047047.55543091,6047047.55543091,0.002733707427978516
4,L2FF,20967315.132018887,20967315.132018887,14792195.190600393,6175119.9414184885,6175119.9414184885,0.002490043640136719
4,L2FF,20515497.963008333,20515497.963008333,14792195.190600393,5723302.77240794,5723302.77240794,0.0024759769439697266
4,L2FF,20804577.19727156,20804577.19727156,14792195.190600393,6012382.006671166,6012382.006671166,0.002490043640136719
4,L2FF,20723658.1777405,20723658.1777405,14792195.190600393,5931462.987140106,5931462.987140106,0.002697944641113281
4,L2FF,20550715.39712081,20550715.39712081,14792195.190600393,5758520.206520418,5758520.206520418,0.002477645874023437
4,L2FF,21007759.916136157,21007759.916136157,14792195.190600393,6215564.72553576,6215564.72553576,0.002499103546142578
4,L2FF,20690421.51011116,20690421.51011116,14792195.190600393,5898226.319510767,5898226.319510767,0.0025069713592529297
4,L2FF,20770371.172403574,20770371.172403574,14792195.190600393,5978175.981803183,5978175.981803183,0.002654075622558593
4,L2FF,20661744.13665273,20661744.13665273,14792195.190600393,5869548.946052337,5869548.946052337,0.002533912658691407
4,L2FF,20509594.30141561,20509594.30141561,14792195.190600393,5717399.110815221,5717399.110815221,0.002422094345092773
4,L2FF,20819436.76493801,20819436.76493801,14792195.190600393,6027241.574337622,6027241.574337622,0.002482175827026367
4,L2FF,20633265.91995637,20633265.91995637,14792195.190600393,5841070.7293559825,5841070.7293559825,0.002755165100097656
4,L2FF,20827028.12417092,20827028.12417092,14792195.190600393,6034832.9335705275,6034832.9335705275,0.0025620460510253906
4,L2FF,20702060.293916352,20702060.293916352,14792195.190600393,5909865.103315959,5909865.103315959,0.002479076385498047
4,L2FF,20795185.85203196,20795185.85203196,14792195.190600393,6002990.661431568,6002990.661431568,0.002460956573486328
4,L2FF,20453891.71993795,20453891.71993795,14792195.190600393,5661696.529337558,5661696.529337558,0.0027098655700683594
4,L2FF,20531097.363464605,20531097.363464605,14792195.190600393,5738902.172864213,5738902.172864213,0.0025839805603027344
4,L2FF,20741472.6642857,20741472.6642857,14792195.190600393,5949277.473685307,5949277.473685307,0.0025589466094970703
4,L2FF,20683938.65168417,20683938.65168417,14792195.190600393,5891743.461083775,5891743.461083775,0.0024750232696533203
4,L2FF,20727086.04882916,20727086.04882916,14792195.190600393,5934890.858228764,5934890.858228764,0.002705812454223633
4,L2FF,20792645.99859789,20792645.99859789,14792195.190600393,6000450.807997498,6000450.807997498,0.002874135971069336
4,L2FF,21194859.21955009,21194859.21955009,14792195.190600393,6402664.028949702,6402664.028949702,0.0030159950256347656
4,L2FF,20782087.352265224,20782087.352265224,14792195.190600393,5989892.161664831,5989892.161664831,0.003082990646362305
4,L2FF,20763094.90308424,20763094.90308424,14792195.190600393,5970899.712483844,5970899.712483844,0.002882957458496093
4,L2FF,20776625.56170793,20776625.56170793,14792195.190600393,5984430.371107535,5984430.371107535,0.002476930618286133
4,L2FF,20460056.793721426,20460056.793721426,14792195.190600393,5667861.603121033,5667861.603121033,0.002480030059814453
4,L2FF,20329721.645356897,20329721.645356897,14792195.190600393,5537526.454756509,5537526.454756509,0.002662897109985352
4,L2FF,20504570.169797193,20504570.169797193,14792195.190600393,5712374.9791968,5712374.9791968,0.002766847610473633
4,L2FF,20512569.02910632,20512569.02910632,14792195.190600393,5720373.838505927,5720373.838505927,0.0024750232696533203
4,L2FF,20851474.732074253,20851474.732074253,14792195.190600393,6059279.54147386,6059279.54147386,0.0024712085723876953
4,L2FF,20763185.23787317,20763185.23787317,14792195.190600393,5970990.047272777,5970990.047272777,0.002560853958129883
4,L2FF,20625649.08991248,20625649.08991248,14792195.190600393,5833453.899312087,5833453.899312087,0.0027871131896972656
4,L2FF,20867280.816669527,20867280.816669527,14792195.190600393,6075085.626069134,6075085.626069134,0.002499103546142578
4,L2FF,20674435.24291284,20674435.24291284,14792195.190600393,5882240.052312448,5882240.052312448,0.00248408317565918
4,L2FF,20517364.556802586,20517364.556802586,14792195.190600393,5725169.366202192,5725169.366202192,0.0024399757385253906
4,L2FF,20855967.37910549,20855967.37910549,14792195.190600393,6063772.188505096,6063772.188505096,0.00277400016784668
4,L2FF,20616285.49004714,20616285.49004714,14792195.190600393,5824090.299446745,5824090.299446745,0.002541780471801758
4,L2FF,20877305.374206804,20877305.374206804,14792195.190600393,6085110.18360641,6085110.18360641,0.002540111541748047
4,L2FF,20504448.59016214,20504448.59016214,14792195.190600393,5712253.399561746,5712253.399561746,0.0024640560150146484
4,L2FF,20740670.50060618,20740670.50060618,14792195.190600393,5948475.310005786,5948475.310005786,0.002781867980957031
4,L2FF,20799281.329850666,20799281.329850666,14792195.190600393,6007086.139250273,6007086.139250273,0.0041959285736083984
4,L2FF,20775762.038390014,20775762.038390014,14792195.190600393,5983566.847789621,5983566.847789621,0.002568960189819336
4,L2FF,20914840.64474088,20914840.64474088,14792195.190600393,6122645.4541404825,6122645.4541404825,0.002518892288208008
4,L2FF,21003773.10383401,21003773.10383401,14792195.190600393,6211577.913233621,6211577.913233621,0.002765178680419922
4,L2FF,20984759.2854981,20984759.2854981,14792195.190600393,6192564.094897708,6192564.094897708,0.002556324005126953
4,L2FF,20804314.437867835,20804314.437867835,14792195.190600393,6012119.247267443,6012119.247267443,0.002453088760375977
4,L2FF,20965442.792992067,20965442.792992067,14792195.190600393,6173247.602391672,6173247.602391672,0.00248408317565918
4,L2FF,20572828.732872304,20572828.732872304,14792195.190600393,5780633.5422719065,5780633.5422719065,0.002737045288085937
4,L2FF,20428146.799853515,20428146.799853515,14792195.190600393,5635951.6092531225,5635951.6092531225,0.002520084381103516
4,L2FF,20276121.445678614,20276121.445678614,14792195.190600393,5483926.255078222,5483926.255078222,0.002437114715576172
4,L2FF,20661471.972731933,20661471.972731933,14792195.190600393,5869276.78213154,5869276.78213154,0.002463817596435547
4,L2FF,20435268.68565758,20435268.68565758,14792195.190600393,5643073.495057186,5643073.495057186,0.002768993377685547
4,L2FF,20540198.35159336,20540198.35159336,14792195.190600393,5748003.160992968,5748003.160992968,0.002462863922119141
4,L2FF,20098781.172024053,20098781.172024053,14792195.190600393,5306585.981423658,5306585.981423658,0.002538919448852539
4,L2FF,20962434.547162656,20962434.547162656,14792195.190600393,6170239.356562262,6170239.356562262,0.002575874328613281
4,L2FF,20847300.40527511,20847300.40527511,14792195.190600393,6055105.214674718,6055105.214674718,0.002920150756835937
4,L2FF,20733696.074606374,20733696.074606374,14792195.190600393,5941500.8840059815,5941500.8840059815,0.0024640560150146484
8,L2FF,10915487.22979216,10915487.22979216,7737705.569263584,3177781.660528575,3177781.660528575,0.0037140846252441406
8,L2FF,10884475.683324333,10884475.683324333,7737705.569263584,3146770.1140607493,3146770.1140607493,0.0037779808044433602
8,L2FF,11286531.916584276,11286531.916584276,7737705.569263584,3548826.3473206917,3548826.3473206917,0.004030942916870117
8,L2FF,10624393.759973742,10624393.759973742,7737705.569263584,2886688.190710158,2886688.190710158,0.003654003143310547
8,L2FF,10858088.467927536,10858088.467927536,7737705.569263584,3120382.898663952,3120382.898663952,0.0035920143127441406
8,L2FF,10678050.72947818,10678050.72947818,7737705.569263584,2940345.1602145946,2940345.1602145946,0.003677845001220703
8,L2FF,10994727.713236766,10994727.713236766,7737705.569263584,3257022.143973182,3257022.143973182,0.031693696975708015
8,L2FF,10654738.264426423,10654738.264426423,7737705.569263584,2917032.6951628393,2917032.6951628393,0.004100799560546875
8,L2FF,10918254.96462292,10918254.96462292,7737705.569263584,3180549.3953593345,3180549.3953593345,0.004076004028320313
8,L2FF,10626599.81702036,10626599.81702036,7737705.569263584,2888894.2477567764,2888894.2477567764,0.004019260406494141
8,L2FF,10801183.466262134,10801183.466262134,7737705.569263584,3063477.89699855,3063477.89699855,0.003880023956298828
8,L2FF,10451381.324056543,10451381.324056543,7737705.569263584,2713675.7547929613,2713675.7547929613,0.0036182403564453134
8,L2FF,11015058.712592978,11015058.712592978,7737705.569263584,3277353.1433293936,3277353.1433293936,0.003735065460205078
8,L2FF,10785273.942001704,10785273.942001704,7737705.569263584,3047568.37273812,3047568.37273812,0.0035851001739501953
8,L2FF,10646244.337567827,10646244.337567827,7737705.569263584,2908538.7683042423,2908538.7683042423,0.0037729740142822266
8,L2FF,10712616.610909132,10712616.610909132,7737705.569263584,2974911.0416455483,2974911.0416455483,0.0036199092864990243
8,L2FF,10693926.07326593,10693926.07326593,7737705.569263584,2956220.5040023467,2956220.5040023467,0.003584146499633789
8,L2FF,10626625.837385574,10626625.837385574,7737705.569263584,2888920.268121991,2888920.268121991,0.0036191940307617188
8,L2FF,10916869.062491763,10916869.062491763,7737705.569263584,3179163.4932281794,3179163.4932281794,0.003798961639404297
8,L2FF,10731273.40691576,10731273.40691576,7737705.569263584,2993567.837652176,2993567.837652176,0.003567934036254883
8,L2FF,10997527.877187194,10997527.877187194,7737705.569263584,3259822.307923611,3259822.307923611,0.0037338733673095694
8,L2FF,11050639.609721001,11050639.609721001,7737705.569263584,3312934.0404574154,3312934.0404574154,0.0036292076110839844
8,L2FF,10897471.83336451,10897471.83336451,7737705.569263584,3159766.264100927,3159766.264100927,0.0038399696350097656
8,L2FF,10772861.333602477,10772861.333602477,7737705.569263584,3035155.764338891,3035155.764338891,0.003528118133544922
8,L2FF,10650278.528845632,10650278.528845632,7737705.569263584,2912572.959582048,2912572.959582048,0.003548145294189453
8,L2FF,11078475.63329558,11078475.63329558,7737705.569263584,3340770.0640319968,3340770.0640319968,0.0054779052734375
8,L2FF,10491422.673531162,10491422.673531162,7737705.569263584,2753717.1042675776,2753717.1042675776,0.0038330554962158203
8,L2FF,10689736.18181485,10689736.18181485,7737705.569263584,2952030.612551265,2952030.612551265,0.0037050247192382812
8,L2FF,10962464.443822777,10962464.443822777,7737705.569263584,3224758.874559193,3224758.874559193,0.0037109851837158203
8,L2FF,10847422.927615494,10847422.927615494,7737705.569263584,3109717.3583519096,3109717.3583519096,0.0037102699279785156
8,L2FF,10601174.602735892,10601174.602735892,7737705.569263584,2863469.033472308,2863469.033472308,0.003824949264526367
8,L2FF,10704140.656298306,10704140.656298306,7737705.569263584,2966435.087034722,2966435.087034722,0.003545045852661133
8,L2FF,10633423.934686253,10633423.934686253,7737705.569263584,2895718.365422667,2895718.365422667,0.0035448074340820312
8,L2FF,10854078.116424724,10854078.116424724,7737705.569263584,3116372.547161138,3116372.547161138,0.0036611557006835938
8,L2FF,10880393.323026253,10880393.323026253,7737705.569263584,3142687.753762667,3142687.753762667,0.0038809776306152335
8,L2FF,10886145.925829384,10886145.925829384,7737705.569263584,3148440.356565798,3148440.356565798,0.0035881996154785156
8,L2FF,10796918.798928345,10796918.798928345,7737705.569263584,3059213.229664759,3059213.229664759,0.0035500526428222656
8,L2FF,10650732.220027452,10650732.220027452,7737705.569263584,2913026.6507638684,2913026.6507638684,0.003545045852661133
8,L2FF,10743749.4539199,10743749.4539199,7737705.569263584,3006043.884656317,3006043.884656317,0.003905057907104492
8,L2FF,10759657.951522354,10759657.951522354,7737705.569263584,3021952.38225877,3021952.38225877,0.003548860549926758
8,L2FF,10921930.955564147,10921930.955564147,7737705.569263584,3184225.3863005633,3184225.3863005633,0.003589153289794922
8,L2FF,10765475.964232042,10765475.964232042,7737705.569263584,3027770.394968458,3027770.394968458,0.0035309791564941406
8,L2FF,10875530.656128898,10875530.656128898,7737705.569263584,3137825.0868653143,3137825.0868653143,0.003889322280883789
8,L2FF,10920047.607970327,10920047.607970327,7737705.569263584,3182342.038706743,3182342.038706743,0.0035829544067382812
8,L2FF,10580922.930113932,10580922.930113932,7737705.569263584,2843217.360850348,2843217.360850348,0.0036542415618896476
8,L2FF,10834740.303621527,10834740.303621527,7737705.569263584,3097034.7343579433,3097034.7343579433,0.0035903453826904297
8,L2FF,10815516.553719647,10815516.553719647,7737705.569263584,3077810.9844560632,3077810.9844560632,0.003816843032836914
8,L2FF,10537028.493719555,10537028.493719555,7737705.569263584,2799322.9244559715,2799322.9244559715,0.0036211013793945312
8,L2FF,10800426.473830584,10800426.473830584,7737705.569263584,3062720.904566998,3062720.904566998,0.0036110877990722656
8,L2FF,10736435.694042483,10736435.694042483,7737705.569263584,2998730.124778901,2998730.124778901,0.0034732818603515625
8,L2FF,10696169.776518397,10696169.776518397,7737705.569263584,2958464.207254811,2958464.207254811,0.003731250762939453
8,L2FF,10855157.558208464,10855157.558208464,7737705.569263584,3117451.98894488,3117451.98894488,0.004024982452392578
8,L2FF,10844714.540913453,10844714.540913453,7737705.569263584,3107008.9716498693,3107008.9716498693,0.004123687744140625
8,L2FF,10822759.359881634,10822759.359881634,7737705.569263584,3085053.79061805,3085053.79061805,0.004064083099365234
8,L2FF,10925708.464554492,10925708.464554492,7737705.569263584,3188002.895290908,3188002.895290908,0.0040738582611083984
8,L2FF,10979752.659218596,10979752.659218596,7737705.569263584,3242047.0899550123,3242047.0899550123,0.0035581588745117188
8,L2FF,10601263.42821648,10601263.42821648,7737705.569263584,2863557.858952896,2863557.858952896,0.003499984741210937
8,L2FF,11001488.385868264,11001488.385868264,7737705.569263584,3263782.816604681,3263782.816604681,0.003634214401245117
8,L2FF,11050306.433833776,11050306.433833776,7737705.569263584,3312600.864570192,3312600.864570192,0.003919839859008789
8,L2FF,10595689.053355176,10595689.053355176,7737705.569263584,2857983.484091592,2857983.484091592,0.0035822391510009774
8,L2FF,10840192.452153096,10840192.452153096,7737705.569263584,3102486.882889512,3102486.882889512,0.003516197204589844
8,L2FF,10867854.51323249,10867854.51323249,7737705.569263584,3130148.943968906,3130148.943968906,0.003612041473388672
8,L2FF,10954890.932821115,10954890.932821115,7737705.569263584,3217185.363557532,3217185.363557532,0.004125118255615234
8,L2FF,11270495.420320442,11270495.420320442,7737705.569263584,3532789.851056858,3532789.851056858,0.003640890121459961
8,L2FF,10696568.911850322,10696568.911850322,7737705.569263584,2958863.342586738,2958863.342586738,0.003542184829711914
8,L2FF,10791017.74902513,10791017.74902513,7737705.569263584,3053312.1797615467,3053312.1797615467,0.0035390853881835938
8,L2FF,10934680.89507912,10934680.89507912,7737705.569263584,3196975.325815535,3196975.325815535,0.003940105438232422
8,L2FF,10890249.514852803,10890249.514852803,7737705.569263584,3152543.945589221,3152543.945589221,0.003634929656982422
8,L2FF,10988978.277046988,10988978.277046988,7737705.569263584,3251272.707783404,3251272.707783404,0.003553152084350586
8,L2FF,10746111.414155155,10746111.414155155,7737705.569263584,3008405.8448915733,3008405.8448915733,0.0035400390625
8,L2FF,10917902.349386863,10917902.349386863,7737705.569263584,3180196.7801232776,3180196.7801232776,0.0038111209869384774
8,L2FF,10675119.621396553,10675119.621396553,7737705.569263584,2937414.052132969,2937414.052132969,0.003665924072265625
8,L2FF,10776540.305096164,10776540.305096164,7737705.569263584,3038834.735832581,3038834.735832581,0.0035326480865478524
8,L2FF,10690472.26007065,10690472.26007065,7737705.569263584,2952766.6908070664,2952766.6908070664,0.003532886505126953
8,L2FF,10818363.243842857,10818363.243842857,7737705.569263584,3080657.674579273,3080657.674579273,0.003857851028442383
8,L2FF,10725622.419759743,10725622.419759743,7737705.569263584,2987916.8504961613,2987916.8504961613,0.003596782684326172
8,L2FF,10904796.084950035,10904796.084950035,7737705.569263584,3167090.5156864533,3167090.5156864533,0.0037097930908203134
8,L2FF,10835597.181242514,10835597.181242514,7737705.569263584,3097891.6119789304,3097891.6119789304,0.0035619735717773438
8,L2FF,10457903.462477256,10457903.462477256,7737705.569263584,2720197.893213673,2720197.893213673,0.0038640499114990243
8,L2FF,11105723.841511972,11105723.841511972,7737705.569263584,3368018.2722483883,3368018.2722483883,0.0035810470581054688
8,L2FF,10957339.418143008,10957339.418143008,7737705.569263584,3219633.848879424,3219633.848879424,0.0035800933837890625
8,L2FF,10874970.707804766,10874970.707804766,7737705.569263584,3137265.138541182,3137265.138541182,0.0035750865936279297
8,L2FF,11024522.361987848,11024522.361987848,7737705.569263584,3286816.792724264,3286816.792724264,0.004029035568237305
8,L2FF,10531989.49001441,10531989.49001441,7737705.569263584,2794283.9207508257,2794283.9207508257,0.0035886764526367188
8,L2FF,10943450.904283764,10943450.904283764,7737705.569263584,3205745.33502018,3205745.33502018,0.0037500858306884774
8,L2FF,10774096.15484322,10774096.15484322,7737705.569263584,3036390.585579636,3036390.585579636,0.003634929656982422
8,L2FF,11004190.939280257,11004190.939280257,7737705.569263584,3266485.3700166713,3266485.3700166713,0.003930807113647461
8,L2FF,11062631.721632967,11062631.721632967,7737705.569263584,3324926.152369385,3324926.152369385,0.003545045852661133
8,L2FF,10916742.120838653,10916742.120838653,7737705.569263584,3179036.5515750675,3179036.5515750675,0.0035190582275390625
8,L2FF,10971296.7869591,10971296.7869591,7737705.569263584,3233591.217695515,3233591.217695515,0.0036373138427734375
8,L2FF,10734734.23209792,10734734.23209792,7737705.569263584,2997028.662834336,2997028.662834336,0.003896951675415039
8,L2FF,10564888.811312675,10564888.811312675,7737705.569263584,2827183.242049093,2827183.242049093,0.0035331249237060547
8,L2FF,10935278.091929413,10935278.091929413,7737705.569263584,3197572.5226658294,3197572.5226658294,0.003551006317138672
8,L2FF,10982442.91772222,10982442.91772222,7737705.569263584,3244737.3484586375,3244737.3484586375,0.003592967987060547
8,L2FF,10967709.570654184,10967709.570654184,7737705.569263584,3230004.001390601,3230004.001390601,0.03944706916809082
8,L2FF,10877824.418895347,10877824.418895347,7737705.569263584,3140118.849631765,3140118.849631765,0.004173994064331055
8,L2FF,10632801.06064338,10632801.06064338,7737705.569263584,2895095.491379795,2895095.491379795,0.004216909408569336
8,L2FF,10756932.43823055,10756932.43823055,7737705.569263584,3019226.8689669664,3019226.8689669664,0.003801107406616211
8,L2FF,10818517.097875372,10818517.097875372,7737705.569263584,3080811.528611788,3080811.528611788,0.0038080215454101562
8,L2FF,10726419.066966496,10726419.066966496,7737705.569263584,2988713.4977029124,2988713.4977029124,0.003922939300537109
16,L2FF,5389174.176619147,5389174.176619147,3860924.0830218205,1528250.0935973262,1528250.0935973262,0.006063699722290039
16,L2FF,5389948.9895704165,5389948.9895704165,3860924.0830218205,1529024.906548597,1529024.906548597,0.006265878677368164
16,L2FF,5540510.712058439,5540510.712058439,3860924.0830218205,1679586.6290366184,1679586.6290366184,0.006398916244506836
16,L2FF,5243865.500589376,5243865.500589376,3860924.0830218205,1382941.4175675558,1382941.4175675558,0.005890130996704102
16,L2FF,5503802.337217625,5503802.337217625,3860924.0830218205,1642878.2541958047,1642878.2541958047,0.005651950836181641
16,L2FF,5456572.259725061,5456572.259725061,3860924.0830218205,1595648.176703241,1595648.176703241,0.005853891372680664
16,L2FF,5405763.898574114,5405763.898574114,3860924.0830218205,1544839.815552293,1544839.815552293,0.005991935729980469
16,L2FF,5625315.018633223,5625315.018633223,3860924.0830218205,1764390.9356114026,1764390.9356114026,0.005631923675537109
16,L2FF,5371951.904401942,5371951.904401942,3860924.0830218205,1511027.8213801216,1511027.8213801216,0.005973100662231445
16,L2FF,5207368.682763815,5207368.682763815,3860924.0830218205,1346444.5997419944,1346444.5997419944,0.005795955657958984
16,L2FF,5368925.371416854,5368925.371416854,3860924.0830218205,1508001.2883950332,1508001.2883950332,0.005916833877563477
16,L2FF,5515792.620514247,5515792.620514247,3860924.0830218205,1654868.5374924254,1654868.5374924254,0.005778312683105469
16,L2FF,5469294.225248107,5469294.225248107,3860924.0830218205,1608370.1422262862,1608370.1422262862,0.005860090255737305
16,L2FF,5408460.795341611,5408460.795341611,3860924.0830218205,1547536.7123197904,1547536.7123197904,0.005646944046020508
16,L2FF,5547923.516263323,5547923.516263323,3860924.0830218205,1686999.4332415026,1686999.4332415026,0.006056070327758789
16,L2FF,5436678.086025606,5436678.086025606,3860924.0830218205,1575754.0030037854,1575754.0030037854,0.005810022354125977
16,L2FF,5356203.913655695,5356203.913655695,3860924.0830218205,1495279.830633874,1495279.830633874,0.005828857421875
16,L2FF,5372609.407959982,5372609.407959982,3860924.0830218205,1511685.3249381613,1511685.3249381613,0.005623102188110352
16,L2FF,5534447.6693892935,5534447.6693892935,3860924.0830218205,1673523.5863674718,1673523.5863674718,0.00604701042175293
16,L2FF,5418376.694586956,5418376.694586956,3860924.0830218205,1557452.6115651354,1557452.6115651354,0.005724191665649414
16,L2FF,5290813.003153392,5290813.003153392,3860924.0830218205,1429888.9201315716,1429888.9201315716,0.005738258361816406
16,L2FF,5627817.141394054,5627817.141394054,3860924.0830218205,1766893.058372233,1766893.058372233,0.005825996398925781
16,L2FF,5491253.151040366,5491253.151040366,3860924.0830218205,1630329.0680185454,1630329.0680185454,0.005972862243652344
16,L2FF,5521002.515010745,5521002.515010745,3860924.0830218205,1660078.4319889247,1660078.4319889247,0.005738973617553711
16,L2FF,5349323.304613824,5349323.304613824,3860924.0830218205,1488399.2215920037,1488399.2215920037,0.005836009979248047
16,L2FF,5337767.237040814,5337767.237040814,3860924.0830218205,1476843.1540189937,1476843.1540189937,0.005754947662353516
16,L2FF,5694369.606079892,5694369.606079892,3860924.0830218205,1833445.523058073,1833445.523058073,0.006016969680786133
16,L2FF,5451095.312261328,5451095.312261328,3860924.0830218205,1590171.2292395076,1590171.2292395076,0.005728960037231445
16,L2FF,5506116.229230741,5506116.229230741,3860924.0830218205,1645192.1462089203,1645192.1462089203,0.005814790725708008
16,L2FF,5474088.811847401,5474088.811847401,3860924.0830218205,1613164.7288255803,1613164.7288255803,0.005703210830688477
16,L2FF,5481649.653230077,5481649.653230077,3860924.0830218205,1620725.570208256,1620725.570208256,0.006088972091674805
16,L2FF,5279680.966113163,5279680.966113163,3860924.0830218205,1418756.8830913424,1418756.8830913424,0.005909919738769531
16,L2FF,5262682.407171128,5262682.407171128,3860924.0830218205,1401758.3241493078,1401758.3241493078,0.005721092224121094
16,L2FF,5465490.79635699,5465490.79635699,3860924.0830218205,1604566.7133351697,1604566.7133351697,0.005676031112670898
16,L2FF,5470556.1474053515,5470556.1474053515,3860924.0830218205,1609632.064383531,1609632.064383531,0.006423234939575195
16,L2FF,5494636.696488297,5494636.696488297,3860924.0830218205,1633712.6134664759,1633712.6134664759,0.005671024322509766
16,L2FF,5447402.043136029,5447402.043136029,3860924.0830218205,1586477.960114208,1586477.960114208,0.005650997161865234
16,L2FF,5432424.617324826,5432424.617324826,3860924.0830218205,1571500.534303006,1571500.534303006,0.006011962890625
16,L2FF,5326078.69180014,5326078.69180014,3860924.0830218205,1465154.608778319,1465154.608778319,0.005958080291748047
16,L2FF,5437938.656462862,5437938.656462862,3860924.0830218205,1577014.5734410416,1577014.5734410416,0.005691766738891602
16,L2FF,5416425.369985227,5416425.369985227,3860924.0830218205,1555501.286963405,1555501.286963405,0.005889177322387695
16,L2FF,5378837.950334383,5378837.950334383,3860924.0830218205,1517913.867312563,1517913.867312563,0.00594782829284668
16,L2FF,5273766.249038237,5273766.249038237,3860924.0830218205,1412842.1660164166,1412842.1660164166,0.005904197692871094
16,L2FF,5522847.331252754,5522847.331252754,3860924.0830218205,1661923.2482309332,1661923.2482309332,0.005791902542114258
16,L2FF,5295984.795040552,5295984.795040552,3860924.0830218205,1435060.71201873,1435060.71201873,0.005866050720214844
16,L2FF,5411087.841939111,5411087.841939111,3860924.0830218205,1550163.758917291,1550163.758917291,0.00573420524597168
16,L2FF,5374177.060331279,5374177.060331279,3860924.0830218205,1513252.9773094582,1513252.9773094582,0.005962133407592773
16,L2FF,5336480.1649728855,5336480.1649728855,3860924.0830218205,1475556.081951065,1475556.081951065,0.005820989608764648
16,L2FF,5191687.775096468,5191687.775096468,3860924.0830218205,1330763.6920746472,1330763.6920746472,0.005738019943237305
16,L2FF,5370272.8324240465,5370272.8324240465,3860924.0830218205,1509348.7494022269,1509348.7494022269,0.005857944488525391
16,L2FF,5230018.632842903,5230018.632842903,3860924.0830218205,1369094.5498210823,1369094.5498210823,0.00606083869934082
16,L2FF,5392798.233891673,5392798.233891673,3860924.0830218205,1531874.1508698538,1531874.1508698538,0.006589889526367188
16,L2FF,5381784.09938512,5381784.09938512,3860924.0830218205,1520860.0163632997,1520860.0163632997,0.006489753723144531
16,L2FF,5548185.015824256,5548185.015824256,3860924.0830218205,1687260.932802435,1687260.932802435,0.00581812858581543
16,L2FF,5238213.521066925,5238213.521066925,3860924.0830218205,1377289.438045104,1377289.438045104,0.006305932998657226
16,L2FF,5563903.230497552,5563903.230497552,3860924.0830218205,1702979.1474757316,1702979.1474757316,0.005744218826293945
16,L2FF,5540914.562032636,5540914.562032636,3860924.0830218205,1679990.4790108157,1679990.4790108157,0.005699872970581055
16,L2FF,5577068.0951697,5577068.0951697,3860924.0830218205,1716144.012147879,1716144.012147879,0.00580596923828125
16,L2FF,5405649.665716358,5405649.665716358,3860924.0830218205,1544725.5826945382,1544725.5826945382,0.006072044372558594
16,L2FF,5443347.478797975,5443347.478797975,3860924.0830218205,1582423.3957761545,1582423.3957761545,0.005670070648193359
16,L2FF,5486645.408581335,5486645.408581335,3860924.0830218205,1625721.3255595146,1625721.3255595146,0.005762815475463867
16,L2FF,5237150.895145077,5237150.895145077,3860924.0830218205,1376226.812123257,1376226.812123257,0.006210803985595703
16,L2FF,5572913.380907702,5572913.380907702,3860924.0830218205,1711989.2978858815,1711989.2978858815,0.006001949310302734
16,L2FF,5377761.609787691,5377761.609787691,3860924.0830218205,1516837.5267658709,1516837.5267658709,0.005946874618530274
16,L2FF,5389934.884852896,5389934.884852896,3860924.0830218205,1529010.8018310769,1529010.8018310769,0.005759954452514648
16,L2FF,5401589.928655402,5401589.928655402,3860924.0830218205,1540665.8456335813,1540665.8456335813,0.005652904510498047
16,L2FF,5427361.275302855,5427361.275302855,3860924.0830218205,1566437.1922810348,1566437.1922810348,0.006183147430419922
16,L2FF,5420834.1037828615,5420834.1037828615,3860924.0830218205,1559910.020761042,1559910.020761042,0.005716323852539063
16,L2FF,5418514.87131669,5418514.87131669,3860924.0830218205,1557590.7882948697,1557590.7882948697,0.006023883819580078
16,L2FF,5430056.922356429,5430056.922356429,3860924.0830218205,1569132.839334608,1569132.839334608,0.005763053894042969
16,L2FF,5316511.585902276,5316511.585902276,3860924.0830218205,1455587.502880456,1455587.502880456,0.006104946136474609
16,L2FF,5313488.915978946,5313488.915978946,3860924.0830218205,1452564.8329571253,1452564.8329571253,0.005678176879882813
16,L2FF,5283600.524809826,5283600.524809826,3860924.0830218205,1422676.4417880056,1422676.4417880056,0.005884170532226562
16,L2FF,5530303.192474905,5530303.192474905,3860924.0830218205,1669379.1094530846,1669379.1094530846,0.005834102630615234
16,L2FF,5502558.245546422,5502558.245546422,3860924.0830218205,1641634.1625246012,1641634.1625246012,0.006190776824951172
16,L2FF,5395478.425508914,5395478.425508914,3860924.0830218205,1534554.342487092,1534554.342487092,0.005738019943237305
16,L2FF,5306740.125923963,5306740.125923963,3860924.0830218205,1445816.0429021427,1445816.0429021427,0.005998134613037109
16,L2FF,5515693.750085867,5515693.750085867,3860924.0830218205,1654769.6670640463,1654769.6670640463,0.005672931671142578
16,L2FF,5310721.605883876,5310721.605883876,3860924.0830218205,1449797.5228620553,1449797.5228620553,0.005980014801025391
16,L2FF,5508654.044083827,5508654.044083827,3860924.0830218205,1647729.961062007,1647729.961062007,0.005824089050292969
16,L2FF,5324844.7359888,5324844.7359888,3860924.0830218205,1463920.65296698,1463920.65296698,0.005681991577148438
16,L2FF,5415249.332170113,5415249.332170113,3860924.0830218205,1554325.2491482925,1554325.2491482925,0.005692005157470703
16,L2FF,5482935.27623234,5482935.27623234,3860924.0830218205,1622011.19321052,1622011.19321052,0.006316900253295898
16,L2FF,5380237.853591607,5380237.853591607,3860924.0830218205,1519313.7705697862,1519313.7705697862,0.005752801895141602
16,L2FF,5418978.068312546,5418978.068312546,3860924.0830218205,1558053.9852907257,1558053.9852907257,0.005620002746582031
16,L2FF,5387253.549321867,5387253.549321867,3860924.0830218205,1526329.4663000454,1526329.4663000454,0.005832910537719727
16,L2FF,5314186.312346493,5314186.312346493,3860924.0830218205,1453262.2293246726,1453262.2293246726,0.006262063980102539
16,L2FF,5524231.40137261,5524231.40137261,3860924.0830218205,1663307.3183507891,1663307.3183507891,0.005714893341064453
16,L2FF,5432835.000927192,5432835.000927192,3860924.0830218205,1571910.9179053716,1571910.9179053716,0.005720853805541992
16,L2FF,5319617.038042626,5319617.038042626,3860924.0830218205,1458692.955020806,1458692.955020806,0.006062746047973633
16,L2FF,5524274.2416086765,5524274.2416086765,3860924.0830218205,1663350.158586856,1663350.158586856,0.006069421768188477
16,L2FF,5401114.42852647,5401114.42852647,3860924.0830218205,1540190.34550465,1540190.34550465,0.005731821060180664
16,L2FF,5708647.682443008,5708647.682443008,3860924.0830218205,1847723.5994211875,1847723.5994211875,0.006067991256713867
16,L2FF,5426044.732329431,5426044.732329431,3860924.0830218205,1565120.6493076102,1565120.6493076102,0.005763053894042969
16,L2FF,5514953.7052408885,5514953.7052408885,3860924.0830218205,1654029.6222190668,1654029.6222190668,0.006071805953979492
16,L2FF,5230913.783323804,5230913.783323804,3860924.0830218205,1369989.7003019834,1369989.7003019834,0.005910873413085938
16,L2FF,5398471.422866117,5398471.422866117,3860924.0830218205,1537547.339844297,1537547.339844297,0.005756855010986328
16,L2FF,5245447.474779597,5245447.474779597,3860924.0830218205,1384523.391757775,1384523.391757775,0.005692958831787109
16,L2FF,5301943.452300523,5301943.452300523,3860924.0830218205,1441019.3692787038,1441019.3692787038,0.006289958953857422
16,L2FF,5427221.108420195,5427221.108420195,3860924.0830218205,1566297.0253983743,1566297.0253983743,0.00586390495300293
32,L2FF,2782972.395552495,2782972.395552495,1970552.1526515868,812420.242900908,812420.242900908,0.01198577880859375
32,L2FF,2709596.080026684,2709596.080026684,1970552.1526515868,739043.9273750968,739043.9273750968,0.010543107986450195
32,L2FF,2658466.1071972097,2658466.1071972097,1970552.1526515868,687913.9545456227,687913.9545456227,0.01072978973388672
32,L2FF,2829874.577849644,2829874.577849644,1970552.1526515868,859322.4251980572,859322.4251980572,0.010291337966918944
32,L2FF,2741870.369404124,2741870.369404124,1970552.1526515868,771318.2167525371,771318.2167525371,0.010332107543945312
32,L2FF,2657500.0303604044,2657500.0303604044,1970552.1526515868,686947.8777088174,686947.8777088174,0.010133028030395508
32,L2FF,2751847.925555399,2751847.925555399,1970552.1526515868,781295.772903812,781295.772903812,0.010576009750366213
32,L2FF,2879509.6222321233,2879509.6222321233,1970552.1526515868,908957.4695805358,908957.4695805358,0.010298013687133787
32,L2FF,2744195.8820891855,2744195.8820891855,1970552.1526515868,773643.7294375985,773643.7294375985,0.010180950164794922
32,L2FF,2751519.144359902,2751519.144359902,1970552.1526515868,780966.991708315,780966.991708315,0.010162830352783205
32,L2FF,2801311.632173819,2801311.632173819,1970552.1526515868,830759.4795222321,830759.4795222321,0.011410236358642578
32,L2FF,2698231.6434571496,2698231.6434571496,1970552.1526515868,727679.4908055627,727679.4908055627,0.010468721389770508
32,L2FF,2959431.5462133945,2959431.5462133945,1970552.1526515868,988879.3935618077,988879.3935618077,0.011133193969726562
32,L2FF,2768839.192313389,2768839.192313389,1970552.1526515868,798287.0396618019,798287.0396618019,0.011510848999023438
32,L2FF,2829163.9391409867,2829163.9391409867,1970552.1526515868,858611.7864893995,858611.7864893995,0.0584111213684082
32,L2FF,2761392.316424624,2761392.316424624,1970552.1526515868,790840.163773037,790840.163773037,0.011731386184692385
32,L2FF,2783950.21337904,2783950.21337904,1970552.1526515868,813398.0607274524,813398.0607274524,0.010200023651123049
32,L2FF,2707509.1555568976,2707509.1555568976,1970552.1526515868,736957.0029053106,736957.0029053106,0.01084589958190918
32,L2FF,2730393.7533585443,2730393.7533585443,1970552.1526515868,759841.6007069574,759841.6007069574,0.010637998580932615
32,L2FF,2728479.625176053,2728479.625176053,1970552.1526515868,757927.4725244654,757927.4725244654,0.010087966918945312
32,L2FF,2803665.673274249,2803665.673274249,1970552.1526515868,833113.5206226619,833113.5206226619,0.010198116302490234
32,L2FF,2866034.1448803977,2866034.1448803977,1970552.1526515868,895481.9922288107,895481.9922288107,0.010090112686157228
32,L2FF,2815930.6475032205,2815930.6475032205,1970552.1526515868,845378.4948516334,845378.4948516334,0.010554075241088869
32,L2FF,2768618.6381064057,2768618.6381064057,1970552.1526515868,798066.4854548192,798066.4854548192,0.010281085968017578
32,L2FF,2834347.632640365,2834347.632640365,1970552.1526515868,863795.4799887775,863795.4799887775,0.010236978530883787
32,L2FF,2796303.37932128,2796303.37932128,1970552.1526515868,825751.226669693,825751.226669693,0.010131359100341795
32,L2FF,2809648.495845892,2809648.495845892,1970552.1526515868,839096.343194305,839096.343194305,0.010548830032348631
32,L2FF,2869146.9854278336,2869146.9854278336,1970552.1526515868,898594.8327762466,898594.8327762466,0.010282754898071287
32,L2FF,2762977.9752742443,2762977.9752742443,1970552.1526515868,792425.8226226573,792425.8226226573,0.010092973709106444
32,L2FF,2833170.3227382908,2833170.3227382908,1970552.1526515868,862618.1700867037,862618.1700867037,0.010233163833618164
32,L2FF,2914191.461756012,2914191.461756012,1970552.1526515868,943639.3091044243,943639.3091044243,0.010410070419311523
32,L2FF,2730069.3213610337,2730069.3213610337,1970552.1526515868,759517.1687094467,759517.1687094467,0.01027989387512207
32,L2FF,2851878.9580576327,2851878.9580576327,1970552.1526515868,881326.8054060456,881326.8054060456,0.009994029998779295
32,L2FF,2631050.8055297816,2631050.8055297816,1970552.1526515868,660498.6528781946,660498.6528781946,0.010327577590942385
32,L2FF,2868822.387654515,2868822.387654515,1970552.1526515868,898270.235002928,898270.235002928,0.010416984558105469
32,L2FF,2806551.060393713,2806551.060393713,1970552.1526515868,835998.9077421259,835998.9077421259,0.010344982147216795
32,L2FF,2784632.668584323,2784632.668584323,1970552.1526515868,814080.515932736,814080.515932736,0.010097980499267578
32,L2FF,2728957.447138733,2728957.447138733,1970552.1526515868,758405.2944871462,758405.2944871462,0.010325193405151369
32,L2FF,2760624.834802891,2760624.834802891,1970552.1526515868,790072.6821513036,790072.6821513036,0.010343074798583984
32,L2FF,2803248.045484456,2803248.045484456,1970552.1526515868,832695.8928328683,832695.8928328683,0.010262727737426758
32,L2FF,2716454.502972044,2716454.502972044,1970552.1526515868,745902.3503204565,745902.3503204565,0.010099172592163086
32,L2FF,2844783.5372465206,2844783.5372465206,1970552.1526515868,874231.3845949336,874231.3845949336,0.01028299331665039
32,L2FF,2806570.503635688,2806570.503635688,1970552.1526515868,836018.3509841013,836018.3509841013,0.01037311553955078
32,L2FF,2705949.229054446,2705949.229054446,1970552.1526515868,735397.0764028587,735397.0764028587,0.010409116744995115
32,L2FF,2821690.0847764625,2821690.0847764625,1970552.1526515868,851137.9321248755,851137.9321248755,0.010062932968139648
32,L2FF,2843761.8769078143,2843761.8769078143,1970552.1526515868,873209.7242562274,873209.7242562274,0.010328054428100586
32,L2FF,2855892.236489978,2855892.236489978,1970552.1526515868,885340.0838383911,885340.0838383911,0.010353803634643556
32,L2FF,2902249.89044068,2902249.89044068,1970552.1526515868,931697.7377890927,931697.7377890927,0.010399103164672852
32,L2FF,2799704.2308390737,2799704.2308390737,1970552.1526515868,829152.0781874865,829152.0781874865,0.010049819946289062
32,L2FF,2891129.004187212,2891129.004187212,1970552.1526515868,920576.8515356248,920576.8515356248,0.010264873504638672
32,L2FF,2890401.886075378,2890401.886075378,1970552.1526515868,919849.7334237908,919849.7334237908,0.010485172271728516
32,L2FF,2851590.614596447,2851590.614596447,1970552.1526515868,881038.4619448598,881038.4619448598,0.010308027267456056
32,L2FF,2766749.797039459,2766749.797039459,1970552.1526515868,796197.6443878721,796197.6443878721,0.010017633438110352
32,L2FF,2854705.0446348093,2854705.0446348093,1970552.1526515868,884152.8919832227,884152.8919832227,0.010601043701171877
32,L2FF,2822020.4562519025,2822020.4562519025,1970552.1526515868,851468.3036003155,851468.3036003155,0.010558843612670898
32,L2FF,2820881.5683163065,2820881.5683163065,1970552.1526515868,850329.4156647194,850329.4156647194,0.01043105125427246
32,L2FF,2809437.224247937,2809437.224247937,1970552.1526515868,838885.0715963495,838885.0715963495,0.010188102722167969
32,L2FF,2733336.205459267,2733336.205459267,1970552.1526515868,762784.0528076799,762784.0528076799,0.010338068008422852
32,L2FF,2770671.769275559,2770671.769275559,1970552.1526515868,800119.6166239721,800119.6166239721,0.010450124740600586
32,L2FF,2794167.5507382317,2794167.5507382317,1970552.1526515868,823615.3980866442,823615.3980866442,0.010447978973388672
32,L2FF,2851117.8420514907,2851117.8420514907,1970552.1526515868,880565.6893999036,880565.6893999036,0.01028895378112793
32,L2FF,2881613.85152624,2881613.85152624,1970552.1526515868,911061.6988746529,911061.6988746529,0.011692047119140623
32,L2FF,2801284.757841914,2801284.757841914,1970552.1526515868,830732.6051903269,830732.6051903269,0.01100611686706543
32,L2FF,2766732.941292837,2766732.941292837,1970552.1526515868,796180.7886412499,796180.7886412499,0.010707855224609377
32,L2FF,2784256.3484305493,2784256.3484305493,1970552.1526515868,813704.1957789619,813704.1957789619,0.010285139083862305
32,L2FF,2870038.479979665,2870038.479979665,1970552.1526515868,899486.3273280784,899486.3273280784,0.010464191436767578
32,L2FF,2870316.9448426533,2870316.9448426533,1970552.1526515868,899764.7921910657,899764.7921910657,0.01055312156677246
32,L2FF,2889452.0361789837,2889452.0361789837,1970552.1526515868,918899.8835273968,918899.8835273968,0.010360002517700195
32,L2FF,2811480.6964881443,2811480.6964881443,1970552.1526515868,840928.5438365573,840928.5438365573,0.010395288467407228
32,L2FF,2835393.6443323,2835393.6443323,1970552.1526515868,864841.491680713,864841.491680713,0.01044464111328125
32,L2FF,2863976.561591091,2863976.561591091,1970552.1526515868,893424.4089395041,893424.4089395041,0.0108489990234375
32,L2FF,2773637.621505128,2773637.621505128,1970552.1526515868,803085.4688535413,803085.4688535413,0.010478973388671877
32,L2FF,2780375.934133412,2780375.934133412,1970552.1526515868,809823.7814818248,809823.7814818248,0.010493993759155272
32,L2FF,2831791.058215658,2831791.058215658,1970552.1526515868,861238.9055640716,861238.9055640716,0.010816812515258787
32,L2FF,2854250.962968518,2854250.962968518,1970552.1526515868,883698.8103169316,883698.8103169316,0.027367353439331055
32,L2FF,2855846.2865787363,2855846.2865787363,1970552.1526515868,885294.1339271488,885294.1339271488,0.01052713394165039
32,L2FF,2734835.444799062,2734835.444799062,1970552.1526515868,764283.2921474748,764283.2921474748,0.01132512092590332
32,L2FF,2699216.9355920884,2699216.9355920884,1970552.1526515868,728664.7829405012,728664.7829405012,0.010462760925292969
32,L2FF,2708977.808228692,2708977.808228692,1970552.1526515868,738425.6555771045,738425.6555771045,0.011162757873535156
32,L2FF,2929744.1403749906,2929744.1403749906,1970552.1526515868,959191.9877234036,959191.9877234036,0.01031804084777832
32,L2FF,2663809.038986857,2663809.038986857,1970552.1526515868,693256.88633527,693256.88633527,0.012413978576660156
32,L2FF,2826620.795757526,2826620.795757526,1970552.1526515868,856068.643105939,856068.643105939,0.010421037673950195
32,L2FF,2740047.1136797927,2740047.1136797927,1970552.1526515868,769494.9610282056,769494.9610282056,0.016414403915405273
32,L2FF,2833896.8629860836,2833896.8629860836,1970552.1526515868,863344.710334497,863344.710334497,0.010417938232421877
32,L2FF,2752167.525010824,2752167.525010824,1970552.1526515868,781615.3723592367,781615.3723592367,0.011918067932128906
32,L2FF,2772256.6010833145,2772256.6010833145,1970552.1526515868,801704.4484317275,801704.4484317275,0.017389774322509766
32,L2FF,2744437.07835281,2744437.07835281,1970552.1526515868,773884.9257012228,773884.9257012228,0.010812759399414062
32,L2FF,2773166.347715068,2773166.347715068,1970552.1526515868,802614.1950634811,802614.1950634811,0.013982057571411131
32,L2FF,2768010.820869361,2768010.820869361,1970552.1526515868,797458.6682177734,797458.6682177734,0.010257959365844728
32,L2FF,2774676.7584595717,2774676.7584595717,1970552.1526515868,804124.6058079852,804124.6058079852,0.01031494140625
32,L2FF,2781214.4015167165,2781214.4015167165,1970552.1526515868,810662.2488651294,810662.2488651294,0.013799190521240234
32,L2FF,2865579.4872136023,2865579.4872136023,1970552.1526515868,895027.3345620154,895027.3345620154,0.015309095382690431
32,L2FF,2760801.8811261584,2760801.8811261584,1970552.1526515868,790249.7284745714,790249.7284745714,0.010714292526245115
32,L2FF,2859930.1835319526,2859930.1835319526,1970552.1526515868,889378.0308803655,889378.0308803655,0.01067495346069336
32,L2FF,2704090.1256432603,2704090.1256432603,1970552.1526515868,733537.9729916733,733537.9729916733,0.011023998260498049
32,L2FF,2916330.633634981,2916330.633634981,1970552.1526515868,945778.4809833932,945778.4809833932,0.012077093124389648
32,L2FF,2733599.60591152,2733599.60591152,1970552.1526515868,763047.4532599323,763047.4532599323,0.010501861572265623
32,L2FF,2770069.012675783,2770069.012675783,1970552.1526515868,799516.8600241961,799516.8600241961,0.011358022689819336
32,L2FF,2742715.4430068517,2742715.4430068517,1970552.1526515868,772163.2903552647,772163.2903552647,0.013031244277954102
32,L2FF,2764144.0499505918,2764144.0499505918,1970552.1526515868,793591.8972990044,793591.8972990044,0.01056981086730957
64,L2FF,1368140.1618038213,1368140.1618038213,991924.4181049244,376215.74369889696,376215.74369889696,0.021336793899536133
64,L2FF,1408585.2846903168,1408585.2846903168,991924.4181049244,416660.86658539256,416660.86658539256,0.02031803131103516
64,L2FF,1442482.2555256488,1442482.2555256488,991924.4181049244,450557.8374207245,450557.8374207245,0.02161574363708496
64,L2FF,1438559.2949231889,1438559.2949231889,991924.4181049244,446634.87681826454,446634.87681826454,0.023866891860961914
64,L2FF,1451631.8504833004,1451631.8504833004,991924.4181049244,459707.432378376,459707.432378376,0.02460503578186035
64,L2FF,1377231.0131039468,1377231.0131039468,991924.4181049244,385306.59499902243,385306.59499902243,0.027405977249145508
64,L2FF,1476122.6277748812,1476122.6277748812,991924.4181049244,484198.2096699568,484198.2096699568,0.02236318588256836
64,L2FF,1440661.9349982576,1440661.9349982576,991924.4181049244,448737.51689333323,448737.51689333323,0.02009296417236328
64,L2FF,1471929.8463871141,1471929.8463871141,991924.4181049244,480005.42828218953,480005.42828218953,0.024506807327270508
64,L2FF,1425715.883835405,1425715.883835405,991924.4181049244,433791.4657304807,433791.4657304807,0.030362844467163086
64,L2FF,1456508.7457674788,1456508.7457674788,991924.4181049244,464584.3276625542,464584.3276625542,0.023331165313720703
64,L2FF,1415509.9683872503,1415509.9683872503,991924.4181049244,423585.55028232594,423585.55028232594,0.02210521697998047
64,L2FF,1386924.3334804808,1386924.3334804808,991924.4181049244,394999.91537555674,394999.91537555674,0.02291417121887207
64,L2FF,1403744.9680777849,1403744.9680777849,991924.4181049244,411820.5499728605,411820.5499728605,0.023550987243652344
64,L2FF,1384333.6224773894,1384333.6224773894,991924.4181049244,392409.204372465,392409.204372465,0.02752161026000977
64,L2FF,1444781.5005745678,1444781.5005745678,991924.4181049244,452857.08246964344,452857.08246964344,0.02803826332092285
64,L2FF,1355133.1673518314,1355133.1673518314,991924.4181049244,363208.74924690725,363208.74924690725,0.0218050479888916
64,L2FF,1431533.4678747274,1431533.4678747274,991924.4181049244,439609.0497698033,439609.0497698033,0.022366046905517568
64,L2FF,1453523.6776924164,1453523.6776924164,991924.4181049244,461599.25958749204,461599.25958749204,0.02258610725402832
64,L2FF,1358651.360910195,1358651.360910195,991924.4181049244,366726.94280527055,366726.94280527055,0.02155900001525879
64,L2FF,1393090.1585779514,1393090.1585779514,991924.4181049244,401165.74047302705,401165.74047302705,0.02446603775024414
64,L2FF,1528730.735964969,1528730.735964969,991924.4181049244,536806.3178600447,536806.3178600447,0.024286985397338867
64,L2FF,1488151.1977502475,1488151.1977502475,991924.4181049244,496226.77964532323,496226.77964532323,0.02489304542541504
64,L2FF,1386979.7273293852,1386979.7273293852,991924.4181049244,395055.3092244609,395055.3092244609,0.02371406555175781
64,L2FF,1438420.839650737,1438420.839650737,991924.4181049244,446496.4215458123,446496.4215458123,0.02489924430847168
64,L2FF,1480744.2746874732,1480744.2746874732,991924.4181049244,488819.8565825488,488819.8565825488,0.024949073791503903
64,L2FF,1430347.5690505034,1430347.5690505034,991924.4181049244,438423.15094557905,438423.15094557905,0.02301120758056641
64,L2FF,1456188.9533099562,1456188.9533099562,991924.4181049244,464264.53520503186,464264.53520503186,0.041898250579833984
64,L2FF,1377269.2455855543,1377269.2455855543,991924.4181049244,385344.8274806301,385344.8274806301,0.03253293037414552
64,L2FF,1502853.3856906234,1502853.3856906234,991924.4181049244,510928.96758569905,510928.96758569905,0.031017065048217773
64,L2FF,1474658.0603489976,1474658.0603489976,991924.4181049244,482733.6422440732,482733.6422440732,0.025825023651123047
64,L2FF,1531072.5059685984,1531072.5059685984,991924.4181049244,539148.087863674,539148.087863674,0.03343796730041504
64,L2FF,1469285.707836147,1469285.707836147,991924.4181049244,477361.28973122226,477361.28973122226,0.027020692825317383
64,L2FF,1443258.9284287519,1443258.9284287519,991924.4181049244,451334.51032382774,451334.51032382774,0.02993011474609375
64,L2FF,1409263.9279748509,1409263.9279748509,991924.4181049244,417339.5098699265,417339.5098699265,0.026144981384277344
64,L2FF,1488812.9719613963,1488812.9719613963,991924.4181049244,496888.5538564722,496888.5538564722,0.022171735763549805
64,L2FF,1393815.9625704258,1393815.9625704258,991924.4181049244,401891.54446550173,401891.54446550173,0.022330045700073242
64,L2FF,1380927.7158345634,1380927.7158345634,991924.4181049244,389003.297729639,389003.297729639,0.022446870803833008
64,L2FF,1355952.5083811122,1355952.5083811122,991924.4181049244,364028.0902761881,364028.0902761881,0.023801803588867188
64,L2FF,1459310.463346659,1459310.463346659,991924.4181049244,467386.04524173477,467386.04524173477,0.024756193161010742
64,L2FF,1456858.9705048366,1456858.9705048366,991924.4181049244,464934.5523999122,464934.5523999122,0.029417037963867188
64,L2FF,1397077.6575988478,1397077.6575988478,991924.4181049244,405153.23949392344,405153.23949392344,0.029554367065429688
64,L2FF,1397531.158560055,1397531.158560055,991924.4181049244,405606.74045513093,405606.74045513093,0.02609705924987793
64,L2FF,1412322.863521849,1412322.863521849,991924.4181049244,420398.4454169249,420398.4454169249,0.024932146072387692
64,L2FF,1372271.1460703816,1372271.1460703816,991924.4181049244,380346.72796545725,380346.72796545725,0.024716854095458984
64,L2FF,1449390.6662833882,1449390.6662833882,991924.4181049244,457466.24817846384,457466.24817846384,0.03535890579223633
64,L2FF,1423092.4840535356,1423092.4840535356,991924.4181049244,431168.0659486112,431168.0659486112,0.030649185180664062
64,L2FF,1344368.6518012923,1344368.6518012923,991924.4181049244,352444.23369636794,352444.23369636794,0.028090715408325195
64,L2FF,1449969.5670191785,1449969.5670191785,991924.4181049244,458045.1489142542,458045.1489142542,0.04857087135314941
64,L2FF,1411667.9443863411,1411667.9443863411,991924.4181049244,419743.5262814168,419743.5262814168,0.034586191177368164
64,L2FF,1464139.3305246746,1464139.3305246746,991924.4181049244,472214.9124197505,472214.9124197505,0.034293174743652344
64,L2FF,1423324.5916391956,1423324.5916391956,991924.4181049244,431400.1735342712,431400.1735342712,0.04000210762023927
64,L2FF,1419018.4124767878,1419018.4124767878,991924.4181049244,427093.9943718634,427093.9943718634,0.03681468963623047
64,L2FF,1441104.4895481716,1441104.4895481716,991924.4181049244,449180.07144324726,449180.07144324726,0.02639007568359375
64,L2FF,1468617.199308389,1468617.199308389,991924.4181049244,476692.78120346466,476692.78120346466,0.02785015106201172
64,L2FF,1480109.9874862062,1480109.9874862062,991924.4181049244,488185.5693812818,488185.5693812818,0.02544116973876953
64,L2FF,1449273.9671304824,1449273.9671304824,991924.4181049244,457349.5490255581,457349.5490255581,0.026616811752319336
64,L2FF,1457057.7219089526,1457057.7219089526,991924.4181049244,465133.3038040282,465133.3038040282,0.038036108016967766
64,L2FF,1447720.0594466531,1447720.0594466531,991924.4181049244,455795.6413417285,455795.6413417285,0.04998612403869629
64,L2FF,1462938.4272581981,1462938.4272581981,991924.4181049244,471014.00915327383,471014.00915327383,0.034490108489990234
64,L2FF,1433879.151246359,1433879.151246359,991924.4181049244,441954.73314143467,441954.73314143467,0.026345014572143555
64,L2FF,1443646.5430598897,1443646.5430598897,991924.4181049244,451722.1249549653,451722.1249549653,0.02967095375061035
64,L2FF,1399292.312836803,1399292.312836803,991924.4181049244,407367.89473187865,407367.89473187865,0.03109312057495117
64,L2FF,1405098.371305504,1405098.371305504,991924.4181049244,413173.9532005795,413173.9532005795,0.028719186782836918
64,L2FF,1366089.6832089017,1366089.6832089017,991924.4181049244,374165.2651039773,374165.2651039773,0.02645587921142578
64,L2FF,1450873.065058027,1450873.065058027,991924.4181049244,458948.64695310255,458948.64695310255,0.026747941970825195
64,L2FF,1414539.0438789485,1414539.0438789485,991924.4181049244,422614.6257740241,422614.6257740241,0.030009031295776367
64,L2FF,1426950.8859915384,1426950.8859915384,991924.4181049244,435026.467886614,435026.467886614,0.02814793586730957
64,L2FF,1424563.8431588213,1424563.8431588213,991924.4181049244,432639.42505389696,432639.42505389696,0.027159929275512692
64,L2FF,1546019.649163259,1546019.649163259,991924.4181049244,554095.2310583348,554095.2310583348,0.02635335922241211
64,L2FF,1423199.239500714,1423199.239500714,991924.4181049244,431274.82139578986,431274.82139578986,0.027195215225219727
64,L2FF,1430462.8069038815,1430462.8069038815,991924.4181049244,438538.3887989573,438538.3887989573,0.028028011322021484
64,L2FF,1389722.6790550891,1389722.6790550891,991924.4181049244,397798.2609501645,397798.2609501645,0.03213000297546387
64,L2FF,1390913.4630318324,1390913.4630318324,991924.4181049244,398989.044926908,398989.044926908,0.03213191032409668
64,L2FF,1395010.0406038484,1395010.0406038484,991924.4181049244,403085.62249892397,403085.62249892397,0.033960819244384766
64,L2FF,1456532.8130528103,1456532.8130528103,991924.4181049244,464608.39494788594,464608.39494788594,0.03246402740478516
64,L2FF,1391134.1267121232,1391134.1267121232,991924.4181049244,399209.70860719885,399209.70860719885,0.02920222282409668
64,L2FF,1491646.416676189,1491646.416676189,991924.4181049244,499721.9985712647,499721.9985712647,0.029762983322143555
64,L2FF,1440577.3052906215,1440577.3052906215,991924.4181049244,448652.88718569727,448652.88718569727,0.1117539405822754
64,L2FF,1417194.1387564738,1417194.1387564738,991924.4181049244,425269.7206515494,425269.7206515494,0.03569793701171875
64,L2FF,1420639.1119274348,1420639.1119274348,991924.4181049244,428714.69382251037,428714.69382251037,0.03780508041381836
64,L2FF,1477550.6470682027,1477550.6470682027,991924.4181049244,485626.2289632784,485626.2289632784,0.03186297416687012
64,L2FF,1468033.4444913538,1468033.4444913538,991924.4181049244,476109.0263864294,476109.0263864294,0.03719902038574219
64,L2FF,1473561.1583727538,1473561.1583727538,991924.4181049244,481636.7402678294,481636.7402678294,0.033835172653198235
64,L2FF,1406860.195232675,1406860.195232675,991924.4181049244,414935.77712775033,414935.77712775033,0.035099267959594734
64,L2FF,1532988.648951438,1532988.648951438,991924.4181049244,541064.2308465136,541064.2308465136,0.028622865676879883
64,L2FF,1379074.6253706675,1379074.6253706675,991924.4181049244,387150.2072657432,387150.2072657432,0.027992725372314453
64,L2FF,1422337.788836194,1422337.788836194,991924.4181049244,430413.3707312696,430413.3707312696,0.02879023551940918
64,L2FF,1468768.67938205,1468768.67938205,991924.4181049244,476844.2612771256,476844.2612771256,0.03308892250061035
64,L2FF,1386688.7226052086,1386688.7226052086,991924.4181049244,394764.3045002842,394764.3045002842,0.03361010551452637
64,L2FF,1428044.7042212463,1428044.7042212463,991924.4181049244,436120.28611632186,436120.28611632186,0.03035497665405273
64,L2FF,1413414.0038923626,1413414.0038923626,991924.4181049244,421489.585787438,421489.585787438,0.030532121658325195
64,L2FF,1477051.5097638054,1477051.5097638054,991924.4181049244,485127.091658881,485127.091658881,0.027849912643432617
64,L2FF,1420352.630805237,1420352.630805237,991924.4181049244,428428.21270031243,428428.21270031243,0.02822589874267578
64,L2FF,1446288.2032694013,1446288.2032694013,991924.4181049244,454363.785164477,454363.785164477,0.03369426727294922
64,L2FF,1427594.462384495,1427594.462384495,991924.4181049244,435670.04427957063,435670.04427957063,0.03597307205200195
64,L2FF,1402968.6279613504,1402968.6279613504,991924.4181049244,411044.209856426,411044.209856426,0.03196907043457031
64,L2FF,1424470.6759504834,1424470.6759504834,991924.4181049244,432546.25784555904,432546.25784555904,0.04095888137817383
64,L2FF,1388343.5647218113,1388343.5647218113,991924.4181049244,396419.14661688695,396419.14661688695,0.03429985046386719
64,L2FF,1404360.4629326423,1404360.4629326423,991924.4181049244,412436.0448277179,412436.0448277179,0.028892993927001964
128,L2FF,732763.5422352109,732763.5422352109,487819.46700446476,244944.0752307461,244944.0752307461,0.06060004234313965
128,L2FF,763139.4052217918,763139.4052217918,487819.46700446476,275319.93821732706,275319.93821732706,0.061266899108886726
128,L2FF,696690.8376974493,696690.8376974493,487819.46700446476,208871.3706929845,208871.3706929845,0.06144213676452636
128,L2FF,719177.8848753277,719177.8848753277,487819.46700446476,231358.4178708629,231358.4178708629,0.059817075729370124
128,L2FF,690018.2321450493,690018.2321450493,487819.46700446476,202198.7651405845,202198.7651405845,0.056262969970703125
128,L2FF,725585.4509290571,725585.4509290571,487819.46700446476,237765.9839245923,237765.9839245923,0.06207084655761719
128,L2FF,707113.9222797239,707113.9222797239,487819.46700446476,219294.4552752592,219294.4552752592,0.0603189468383789
128,L2FF,713428.1874153833,713428.1874153833,487819.46700446476,225608.72041091853,225608.72041091853,0.05425119400024414
128,L2FF,710233.5390032589,710233.5390032589,487819.46700446476,222414.07199879413,222414.07199879413,0.05993318557739258
128,L2FF,712518.8376940476,712518.8376940476,487819.46700446476,224699.37068958292,224699.37068958292,0.05523800849914552
128,L2FF,738861.4233346418,738861.4233346418,487819.46700446476,251041.9563301771,251041.9563301771,0.055888891220092766
128,L2FF,726004.2280795093,726004.2280795093,487819.46700446476,238184.76107504455,238184.76107504455,0.06092905998229981
128,L2FF,711104.7148414998,711104.7148414998,487819.46700446476,223285.24783703504,223285.24783703504,0.061167240142822266
128,L2FF,694732.2233434274,694732.2233434274,487819.46700446476,206912.75633896264,206912.75633896264,0.058122873306274414
128,L2FF,719257.0379027859,719257.0379027859,487819.46700446476,231437.57089832122,231437.57089832122,0.056246042251586914
128,L2FF,708635.0802418672,708635.0802418672,487819.46700446476,220815.61323740246,220815.61323740246,0.053045034408569336
128,L2FF,736398.6521052099,736398.6521052099,487819.46700446476,248579.18510074512,248579.18510074512,0.05849599838256836
128,L2FF,705376.8217582107,705376.8217582107,487819.46700446476,217557.3547537459,217557.3547537459,0.05824685096740723
128,L2FF,759196.1475374032,759196.1475374032,487819.46700446476,271376.6805329384,271376.6805329384,0.06005096435546875
128,L2FF,737842.6165997956,737842.6165997956,487819.46700446476,250023.1495953309,250023.1495953309,0.06568408012390138
128,L2FF,725607.1251615336,725607.1251615336,487819.46700446476,237787.65815706886,237787.65815706886,0.057025909423828125
128,L2FF,709383.570646269,709383.570646269,487819.46700446476,221564.10364180442,221564.10364180442,0.05143880844116211
128,L2FF,714925.5597367481,714925.5597367481,487819.46700446476,227106.0927322833,227106.0927322833,0.059056997299194336
128,L2FF,753630.0150320906,753630.0150320906,487819.46700446476,265810.54802762595,265810.54802762595,0.05327320098876953
128,L2FF,732487.4679261764,732487.4679261764,487819.46700446476,244668.0009217116,244668.0009217116,0.050993919372558594
128,L2FF,725138.0623390045,725138.0623390045,487819.46700446476,237318.59533453983,237318.59533453983,0.057776212692260735
128,L2FF,731843.7424246328,731843.7424246328,487819.46700446476,244024.275420168,244024.275420168,0.059367179870605476
128,L2FF,720348.6455231659,720348.6455231659,487819.46700446476,232529.1785187013,232529.1785187013,0.0582878589630127
128,L2FF,767035.1228996062,767035.1228996062,487819.46700446476,279215.6558951415,279215.6558951415,0.057782888412475586
128,L2FF,720876.7045951799,720876.7045951799,487819.46700446476,233057.237590715,233057.237590715,0.05474591255187988
128,L2FF,705926.5601762101,705926.5601762101,487819.46700446476,218107.09317174548,218107.09317174548,0.05576705932617188
128,L2FF,731359.6958577964,731359.6958577964,487819.46700446476,243540.2288533316,243540.2288533316,0.056610107421875
128,L2FF,695532.5368436689,695532.5368436689,487819.46700446476,207713.06983920414,207713.06983920414,0.05619716644287109
128,L2FF,737720.7359051232,737720.7359051232,487819.46700446476,249901.2689006584,249901.2689006584,0.05336904525756836
128,L2FF,732659.8903587325,732659.8903587325,487819.46700446476,244840.42335426772,244840.42335426772,0.05086493492126465
128,L2FF,739249.5911979434,739249.5911979434,487819.46700446476,251430.12419347872,251430.12419347872,0.05564379692077637
128,L2FF,735409.4577223187,735409.4577223187,487819.46700446476,247589.9907178541,247589.9907178541,0.04903411865234375
128,L2FF,716827.1272014426,716827.1272014426,487819.46700446476,229007.66019697784,229007.66019697784,0.05331683158874512
128,L2FF,769016.8785905223,769016.8785905223,487819.46700446476,281197.4115860576,281197.4115860576,0.050092220306396484
128,L2FF,731117.6495694296,731117.6495694296,487819.46700446476,243298.1825649648,243298.1825649648,0.04907989501953125
128,L2FF,730960.9172107438,730960.9172107438,487819.46700446476,243141.450206279,243141.450206279,0.054017066955566406
128,L2FF,759670.5072246495,759670.5072246495,487819.46700446476,271851.04022018483,271851.04022018483,0.04947590827941895
128,L2FF,734572.4307378479,734572.4307378479,487819.46700446476,246752.96373338328,246752.96373338328,0.04954695701599121
128,L2FF,728396.8714498997,728396.8714498997,487819.46700446476,240577.40444543495,240577.40444543495,0.053767919540405266
128,L2FF,707356.23908017,707356.23908017,487819.46700446476,219536.77207570532,219536.77207570532,0.053053855895996094
128,L2FF,725035.3267380905,725035.3267380905,487819.46700446476,237215.8597336257,237215.8597336257,0.05307173728942871
128,L2FF,702010.4150557625,702010.4150557625,487819.46700446476,214190.94805129775,214190.94805129775,0.055912017822265625
128,L2FF,741151.8324039008,741151.8324039008,487819.46700446476,253332.36539943606,253332.36539943606,0.05095815658569336
128,L2FF,750652.037959832,750652.037959832,487819.46700446476,262832.5709553673,262832.5709553673,0.05219078063964844
128,L2FF,702564.1797516751,702564.1797516751,487819.46700446476,214744.71274721035,214744.71274721035,0.055472135543823235
128,L2FF,724371.1998710134,724371.1998710134,487819.46700446476,236551.7328665488,236551.7328665488,0.048256874084472656
128,L2FF,724830.3333272544,724830.3333272544,487819.46700446476,237010.86632278966,237010.86632278966,0.04655885696411133
128,L2FF,722830.2110630344,722830.2110630344,487819.46700446476,235010.7440585695,235010.7440585695,0.05082082748413086
128,L2FF,704753.7152957098,704753.7152957098,487819.46700446476,216934.24829124505,216934.24829124505,0.048501014709472656
128,L2FF,749067.5296502797,749067.5296502797,487819.46700446476,261248.06264581488,261248.06264581488,0.05091381072998047
128,L2FF,726822.988647265,726822.988647265,487819.46700446476,239003.52164280025,239003.52164280025,0.047425031661987305
128,L2FF,758925.7154995525,758925.7154995525,487819.46700446476,271106.2484950878,271106.2484950878,0.050737857818603516
128,L2FF,709712.5215980108,709712.5215980108,487819.46700446476,221893.05459354602,221893.05459354602,0.07096219062805176
128,L2FF,738791.0999565133,738791.0999565133,487819.46700446476,250971.6329520485,250971.6329520485,0.05536007881164552
128,L2FF,767558.0523507905,767558.0523507905,487819.46700446476,279738.5853463256,279738.5853463256,0.05458927154541016
128,L2FF,725201.7901530224,725201.7901530224,487819.46700446476,237382.32314855765,237382.32314855765,0.05115413665771485
128,L2FF,705939.6834115365,705939.6834115365,487819.46700446476,218120.21640707183,218120.21640707183,0.07697010040283203
128,L2FF,711200.8043524504,711200.8043524504,487819.46700446476,223381.33734798574,223381.33734798574,0.06983280181884766
128,L2FF,724410.6971048409,724410.6971048409,487819.46700446476,236591.2301003761,236591.2301003761,0.06233906745910645
128,L2FF,738880.7847564889,738880.7847564889,487819.46700446476,251061.3177520241,251061.3177520241,0.059002876281738274
128,L2FF,721130.6662114777,721130.6662114777,487819.46700446476,233311.1992070129,233311.1992070129,0.06534624099731445
128,L2FF,700056.0105503127,700056.0105503127,487819.46700446476,212236.54354584796,212236.54354584796,0.07073116302490234
128,L2FF,700300.9655169056,700300.9655169056,487819.46700446476,212481.49851244086,212481.49851244086,0.06665277481079103
128,L2FF,729196.7555658531,729196.7555658531,487819.46700446476,241377.28856138844,241377.28856138844,0.0697629451751709
128,L2FF,707057.741385638,707057.741385638,487819.46700446476,219238.27438117316,219238.27438117316,0.059681892395019524
128,L2FF,709805.1127324121,709805.1127324121,487819.46700446476,221985.6457279473,221985.6457279473,0.05532002449035645
128,L2FF,724732.3404787091,724732.3404787091,487819.46700446476,236912.8734742443,236912.8734742443,0.05058193206787109
128,L2FF,712531.3924849995,712531.3924849995,487819.46700446476,224711.92548053476,224711.92548053476,0.05582880973815918
128,L2FF,703459.50723128,703459.50723128,487819.46700446476,215640.04022681512,215640.04022681512,0.05381035804748535
128,L2FF,738472.7618884181,738472.7618884181,487819.46700446476,250653.29488395352,250653.29488395352,0.0543820858001709
128,L2FF,713888.4915853344,713888.4915853344,487819.46700446476,226069.02458086965,226069.02458086965,0.05974316596984864
128,L2FF,740645.045446891,740645.045446891,487819.46700446476,252825.5784424261,252825.5784424261,0.07579970359802246
128,L2FF,713905.898185501,713905.898185501,487819.46700446476,226086.43118103608,226086.43118103608,0.05453801155090332
128,L2FF,735603.8289230412,735603.8289230412,487819.46700446476,247784.3619185765,247784.3619185765,0.06765532493591309
128,L2FF,724917.4355724995,724917.4355724995,487819.46700446476,237097.9685680348,237097.9685680348,0.06470489501953125
128,L2FF,737510.7530033559,737510.7530033559,487819.46700446476,249691.28599889122,249691.28599889122,0.06326699256896973
128,L2FF,744408.0209971436,744408.0209971436,487819.46700446476,256588.5539926788,256588.5539926788,0.05808281898498535
128,L2FF,735841.0579848536,735841.0579848536,487819.46700446476,248021.5909803889,248021.5909803889,0.07901477813720703
128,L2FF,753886.5640505559,753886.5640505559,487819.46700446476,266067.0970460913,266067.0970460913,0.0554349422454834
128,L2FF,718240.5236551217,718240.5236551217,487819.46700446476,230421.05665065692,230421.05665065692,0.05239295959472656
128,L2FF,714341.380027761,714341.380027761,487819.46700446476,226521.91302329625,226521.91302329625,0.05662631988525391
128,L2FF,755948.9370807527,755948.9370807527,487819.46700446476,268129.47007628786,268129.47007628786,0.06550288200378418
128,L2FF,765905.8006036308,765905.8006036308,487819.46700446476,278086.3335991661,278086.3335991661,0.05711889266967773
128,L2FF,754232.1095827662,754232.1095827662,487819.46700446476,266412.64257830154,266412.64257830154,0.0569760799407959
128,L2FF,744737.067869291,744737.067869291,487819.46700446476,256917.60086482612,256917.60086482612,0.05672097206115723
128,L2FF,759503.1881261726,759503.1881261726,487819.46700446476,271683.7211217079,271683.7211217079,0.06020402908325195
128,L2FF,729049.2308415995,729049.2308415995,487819.46700446476,241229.76383713481,241229.76383713481,0.05268716812133789
128,L2FF,753743.2805095495,753743.2805095495,487819.46700446476,265923.8135050848,265923.8135050848,0.0564730167388916
128,L2FF,725547.5391072822,725547.5391072822,487819.46700446476,237728.07210281747,237728.07210281747,0.05575394630432129
128,L2FF,740023.9452693621,740023.9452693621,487819.46700446476,252204.4782648972,252204.4782648972,0.05740499496459961
128,L2FF,698087.3731195744,698087.3731195744,487819.46700446476,210267.9061151096,210267.9061151096,0.0515899658203125
128,L2FF,721567.7708960938,721567.7708960938,487819.46700446476,233748.3038916289,233748.3038916289,0.05337977409362793
128,L2FF,733765.5163098159,733765.5163098159,487819.46700446476,245946.04930535122,245946.04930535122,0.05521583557128906
128,L2FF,700700.6950352656,700700.6950352656,487819.46700446476,212881.22803080085,212881.22803080085,0.05489277839660645
128,L2FF,727670.312788172,727670.312788172,487819.46700446476,239850.8457837073,239850.8457837073,0.05060100555419922
